0,539
0,538
0,537
0,536
0,535
0,534
0,533
83,5
83,4
83,3
83,2
83,1
83,0
82,6
82,5
82,4
14,15
82,3
82,2
82,1
82,0
81,10
81,9
81,8
81,7
81,6
81,5
81,4
0,532
14,14
81,3
81,2
81,1
81,0
80,5
80,4
80,3
80,2
80,1
80,0
0,531
79,6
0,530
79,5
79,4
79,3
79,2
79,1
79,0
78,9
78,8
78,7
78,6
78,5
78,4
78,3
78,2
0,529
0,528
78,1
78,0
77,5
0,527
77,4
77,3
77,2
0,526
77,1
77,0
0,525
76,6
14,13
14,12
0,524
0,523
76,5
14,11
76,4
76,3
76,2
76,1
76,0
75,9
75,8
75,7
75,6
75,5
75,4
75,3
75,2
75,1
75,0
74,5
74,4
74,3
74,2
74,1
74,0
73,6
14,10
73,5
73,4
73,3
73,2
73,1
73,0
72,10
72,9
72,8
72,7
72,6
72,5
72,4
72,3
72,2
72,1
72,0
71,5
71,4
71,3
71,2
71,1
71,0
70,6
70,5
14,9
70,4
70,3
70,2
70,1
70,0
69,10
69,9
69,8
69,7
69,6
0,522
69,5
0,521
0,520
69,4
0,519
69,3
69,2
69,1
69,0
0,518
68,5
68,4
68,3
68,2
68,1
68,0
0,517
0,516
67,6
0,515
67,5
67,4
0,514
67,3
67,2
67,1
67,0
0,513
0,512
66,9
66,8
66,7
66,6
66,5
0,511
66,4
66,3
66,2
66,1
66,0
0,510
65,7
65,6
65,5
0,509
65,4
14,8
65,3
65,2
65,1
65,0
14,7
0,508
64,5
0,507
64,4
64,3
64,2
0,506
64,1
64,0
0,505
63,4
0,504
63,3
63,2
63,1
63,0
0,503
62,5
0,502
62,4
62,3
